timestamp,sensor,target,power,socket,formula,predict,ratio,scope
1684657282637,cpu,mongo,0.0028332133235089868,0,31c8c580f97abdd1799e22712bf0f132a2e8e96d,0.0028332133235089868,0.00022666071114930963,cpu
1684657283139,cpu,mongo,0.005935617523813353,0,31c8c580f97abdd1799e22712bf0f132a2e8e96d,0.005935617523813353,0.00047482930516682927,cpu
1684657283640,cpu,mongo,0.0028296360514546122,0,31c8c580f97abdd1799e22712bf0f132a2e8e96d,0.0028296360514546122,0.00022666394776114633,cpu
1684657284142,cpu,mongo,0.006287792913873971,0,31c8c580f97abdd1799e22712bf0f132a2e8e96d,0.006287792913873971,0.0005040347167662359,cpu
1684657284643,cpu,mongo,0.002822619494437696,0,31c8c580f97abdd1799e22712bf0f132a2e8e96d,0.002822619494437696,0.00022631501600692025,cpu
1684657285145,cpu,mongo,0.006476369306742913,0,31c8c580f97abdd1799e22712bf0f132a2e8e96d,0.006476369306742913,0.000519196546912924,cpu
1684657285647,cpu,mongo,0.002966093738240195,0,31c8c580f97abdd1799e22712bf0f132a2e8e96d,0.002966093738240195,0.00023809515587636476,cpu
1684657286148,cpu,mongo,0.0061034254159818505,0,31c8c580f97abdd1799e22712bf0f132a2e8e96d,0.0061034254159818505,0.0004901508153666121,cpu
1684657286650,cpu,mongo,0.002889334232607344,0,31c8c580f97abdd1799e22712bf0f132a2e8e96d,0.002889334232607344,0.00023206281566213663,cpu
1684657287152,cpu,mongo,0.01144438612416249,0,31c8c580f97abdd1799e22712bf0f132a2e8e96d,0.01144438612416249,0.0009207132789926176,cpu
1684657287653,cpu,mongo,0.002766259561673988,0,31c8c580f97abdd1799e22712bf0f132a2e8e96d,0.002766259561673988,0.00022260210069759032,cpu
1684657288155,cpu,mongo,0.006469487850058586,0,31c8c580f97abdd1799e22712bf0f132a2e8e96d,0.006469487850058586,0.0005210225786140138,cpu
1684657288656,cpu,mongo,0.002694784557512036,0,31c8c580f97abdd1799e22712bf0f132a2e8e96d,0.002694784557512036,0.00021708469516524596,cpu
1684657289158,cpu,mongo,0.006229939949229596,0,31c8c580f97abdd1799e22712bf0f132a2e8e96d,0.006229939949229596,0.0005029609907051707,cpu
1684657289660,cpu,mongo,0.0025526659358502198,0,31c8c580f97abdd1799e22712bf0f132a2e8e96d,0.0025526659358502198,0.00020624329098166517,cpu
1684657290161,cpu,mongo,0.006309880086196784,0,31c8c580f97abdd1799e22712bf0f132a2e8e96d,0.006309880086196784,0.0005104964835915806,cpu
1684657290663,cpu,mongo,0.0025992720864824546,0,31c8c580f97abdd1799e22712bf0f132a2e8e96d,0.0025992720864824546,0.00021018769774681906,cpu
1684657291164,cpu,mongo,0.006109812082131865,0,31c8c580f97abdd1799e22712bf0f132a2e8e96d,0.006109812082131865,0.000494498735099413,cpu
1684657291666,cpu,mongo,0.0028418453109984886,0,31c8c580f97abdd1799e22712bf0f132a2e8e96d,0.0028418453109984886,0.0002299743786755686,cpu
1684657292168,cpu,mongo,0.006409727314906198,0,31c8c580f97abdd1799e22712bf0f132a2e8e96d,0.006409727314906198,0.0005189229874221548,cpu
1684657292669,cpu,mongo,0.00251464673926329,0,31c8c580f97abdd1799e22712bf0f132a2e8e96d,0.00251464673926329,0.00020362601750875827,cpu
1684657293171,cpu,mongo,0.005982265821130542,0,31c8c580f97abdd1799e22712bf0f132a2e8e96d,0.005982265821130542,0.000484834928892488,cpu
1684657293672,cpu,mongo,0.002731907704029826,0,31c8c580f97abdd1799e22712bf0f132a2e8e96d,0.002731907704029826,0.00022131020925909365,cpu
1684657294174,cpu,mongo,0.006649782130658323,0,31c8c580f97abdd1799e22712bf0f132a2e8e96d,0.006649782130658323,0.000539038024760245,cpu
1684657294675,cpu,mongo,0.0021310697595052263,0,31c8c580f97abdd1799e22712bf0f132a2e8e96d,0.0021310697595052263,0.0001728122893519992,cpu
1684657295177,cpu,mongo,0.006091204609401,0,31c8c580f97abdd1799e22712bf0f132a2e8e96d,0.006091204609401,0.0004936824505379878,cpu
1684657295679,cpu,mongo,0.002608264918877377,0,31c8c580f97abdd1799e22712bf0f132a2e8e96d,0.002608264918877377,0.00021157250396997324,cpu
1684657296180,cpu,mongo,0.006620401849783079,0,31c8c580f97abdd1799e22712bf0f132a2e8e96d,0.006620401849783079,0.0005373981297164562,cpu
1684657296682,cpu,mongo,0.0023411496219779746,0,31c8c580f97abdd1799e22712bf0f132a2e8e96d,0.0023411496219779746,0.0001900488743530271,cpu
1684657297183,cpu,mongo,0.01222834795069717,0,31c8c580f97abdd1799e22712bf0f132a2e8e96d,0.01222834795069717,0.0009927749663838862,cpu
1684657297685,cpu,mongo,0.0022689973840975294,0,31c8c580f97abdd1799e22712bf0f132a2e8e96d,0.0022689973840975294,0.00018433561914631507,cpu
1684657298186,cpu,mongo,0.006458356506416182,0,31c8c580f97abdd1799e22712bf0f132a2e8e96d,0.006458356506416182,0.0005245138002475798,cpu
1684657298688,cpu,mongo,0.00257809020185836,0,31c8c580f97abdd1799e22712bf0f132a2e8e96d,0.00257809020185836,0.00020951326248385105,cpu
1684657299189,cpu,mongo,0.005972379248073874,0,31c8c580f97abdd1799e22712bf0f132a2e8e96d,0.005972379248073874,0.0004850746092583051,cpu
1684657299691,cpu,mongo,0.0025752582910406213,0,31c8c580f97abdd1799e22712bf0f132a2e8e96d,0.0025752582910406213,0.0002092693403548359,cpu
1684657300193,cpu,mongo,0.005839758641674568,0,31c8c580f97abdd1799e22712bf0f132a2e8e96d,0.005839758641674568,0.0004747483259937168,cpu
1684657300694,cpu,mongo,0.0029883240938214793,0,31c8c580f97abdd1799e22712bf0f132a2e8e96d,0.0029883240938214793,0.00024302903696123436,cpu
1684657301196,cpu,mongo,0.007193292500720839,0,31c8c580f97abdd1799e22712bf0f132a2e8e96d,0.007193292500720839,0.00058800714411411,cpu
1684657301697,cpu,mongo,0.0029771846672531927,0,31c8c580f97abdd1799e22712bf0f132a2e8e96d,0.0029771846672531927,0.00024221686197185873,cpu
1684657302199,cpu,mongo,0.006878744285341903,0,31c8c580f97abdd1799e22712bf0f132a2e8e96d,0.006878744285341903,0.0005604392821091074,cpu
1684657302701,cpu,mongo,0.0025551854993178264,0,31c8c580f97abdd1799e22712bf0f132a2e8e96d,0.0025551854993178264,0.00020810813151725827,cpu
1684657303202,cpu,mongo,0.0062724699958102035,0,31c8c580f97abdd1799e22712bf0f132a2e8e96d,0.0062724699958102035,0.0005103914761186538,cpu
1684657303704,cpu,mongo,0.0026194580391675896,0,31c8c580f97abdd1799e22712bf0f132a2e8e96d,0.0026194580391675896,0.00021311919671229443,cpu
1684657304205,cpu,mongo,0.006692934562531799,0,31c8c580f97abdd1799e22712bf0f132a2e8e96d,0.006692934562531799,0.0005448267512948936,cpu
1684657304707,cpu,mongo,0.0024532990638789012,0,31c8c580f97abdd1799e22712bf0f132a2e8e96d,0.0024532990638789012,0.00019968185538567972,cpu
1684657305208,cpu,mongo,0.006481931514453023,0,31c8c580f97abdd1799e22712bf0f132a2e8e96d,0.006481931514453023,0.000527427175874734,cpu
1684657305710,cpu,mongo,0.002639077609689177,0,31c8c580f97abdd1799e22712bf0f132a2e8e96d,0.002639077609689177,0.00021483062998974521,cpu
1684657306211,cpu,mongo,0.005922180236887351,0,31c8c580f97abdd1799e22712bf0f132a2e8e96d,0.005922180236887351,0.00048306426561072326,cpu
1684657306713,cpu,mongo,0.0030382627193242515,0,31c8c580f97abdd1799e22712bf0f132a2e8e96d,0.0030382627193242515,0.00024762095870864756,cpu
1684657307214,cpu,mongo,0.012351513265870768,0,31c8c580f97abdd1799e22712bf0f132a2e8e96d,0.012351513265870768,0.0010065682794186542,cpu
1684657307716,cpu,mongo,0.002507520485395126,0,31c8c580f97abdd1799e22712bf0f132a2e8e96d,0.002507520485395126,0.0002043826583757022,cpu
1684657308218,cpu,mongo,0.007175265843949739,0,31c8c580f97abdd1799e22712bf0f132a2e8e96d,0.007175265843949739,0.0005850302784094681,cpu
1684657308719,cpu,mongo,0.0024268678962466764,0,31c8c580f97abdd1799e22712bf0f132a2e8e96d,0.0024268678962466764,0.00019800786345544057,cpu
1684657309221,cpu,mongo,0.006550233970206521,0,31c8c580f97abdd1799e22712bf0f132a2e8e96d,0.006550233970206521,0.0005347612695760124,cpu
1684657309722,cpu,mongo,0.002322105093897665,0,31c8c580f97abdd1799e22712bf0f132a2e8e96d,0.002322105093897665,0.00018952911181573413,cpu
1684657310224,cpu,mongo,0.006297804194929951,0,31c8c580f97abdd1799e22712bf0f132a2e8e96d,0.006297804194929951,0.000513794844242764,cpu
1684657310725,cpu,mongo,0.002421810871404154,0,31c8c580f97abdd1799e22712bf0f132a2e8e96d,0.002421810871404154,0.0001981016063845092,cpu
1684657311227,cpu,mongo,0.006116456824558236,0,31c8c580f97abdd1799e22712bf0f132a2e8e96d,0.006116456824558236,0.0004996409876101887,cpu
1684657311729,cpu,mongo,0.002180747421972399,0,31c8c580f97abdd1799e22712bf0f132a2e8e96d,0.002180747421972399,0.00017822336848423204,cpu
1684657312230,cpu,mongo,0.006167434683388619,0,31c8c580f97abdd1799e22712bf0f132a2e8e96d,0.006167434683388619,0.0005046520167525086,cpu
1684657312732,cpu,mongo,0.0025213821259299028,0,31c8c580f97abdd1799e22712bf0f132a2e8e96d,0.0025213821259299028,0.00020625182748746585,cpu
1684657313233,cpu,mongo,0.005841871749440709,0,31c8c580f97abdd1799e22712bf0f132a2e8e96d,0.005841871749440709,0.00047761797842753637,cpu
1684657313735,cpu,mongo,0.002548302887929802,0,31c8c580f97abdd1799e22712bf0f132a2e8e96d,0.002548302887929802,0.00020844271937615387,cpu
1684657314237,cpu,mongo,0.006892865156856734,0,31c8c580f97abdd1799e22712bf0f132a2e8e96d,0.006892865156856734,0.0005630926265949311,cpu
1684657314739,cpu,mongo,0.002579776646608332,0,31c8c580f97abdd1799e22712bf0f132a2e8e96d,0.002579776646608332,0.00021079696153946398,cpu
1684657315242,cpu,mongo,0.006481243888401255,0,31c8c580f97abdd1799e22712bf0f132a2e8e96d,0.006481243888401255,0.0005310949230407604,cpu
1684657315743,cpu,mongo,0.0027058471962844487,0,31c8c580f97abdd1799e22712bf0f132a2e8e96d,0.0027058471962844487,0.0002217245896600397,cpu
1684657316245,cpu,mongo,0.006788797486133524,0,31c8c580f97abdd1799e22712bf0f132a2e8e96d,0.006788797486133524,0.000556700918251801,cpu
1684657316746,cpu,mongo,0.0027530705360429147,0,31c8c580f97abdd1799e22712bf0f132a2e8e96d,0.0027530705360429147,0.00022604047190468815,cpu
1684657317248,cpu,mongo,0.012731396348501026,0,31c8c580f97abdd1799e22712bf0f132a2e8e96d,0.012731396348501026,0.001044877878812558,cpu
1684657317750,cpu,mongo,0.0028427032558456158,0,31c8c580f97abdd1799e22712bf0f132a2e8e96d,0.0028427032558456158,0.00023422149640237185,cpu
1684657318251,cpu,mongo,0.006917711493664353,0,31c8c580f97abdd1799e22712bf0f132a2e8e96d,0.006917711493664353,0.0005677167996654153,cpu
1684657318753,cpu,mongo,0.0027283725786604045,0,31c8c580f97abdd1799e22712bf0f132a2e8e96d,0.0027283725786604045,0.0002239463129586697,cpu
1684657319254,cpu,mongo,0.0065469592305208504,0,31c8c580f97abdd1799e22712bf0f132a2e8e96d,0.0065469592305208504,0.0005370836826327932,cpu
1684657319756,cpu,mongo,0.0028245853774824256,0,31c8c580f97abdd1799e22712bf0f132a2e8e96d,0.0028245853774824256,0.0002317963776800465,cpu
1684657320257,cpu,mongo,0.006459536613594868,0,31c8c580f97abdd1799e22712bf0f132a2e8e96d,0.006459536613594868,0.0005297699067249833,cpu
1684657320759,cpu,mongo,0.002650229737998134,0,31c8c580f97abdd1799e22712bf0f132a2e8e96d,0.002650229737998134,0.000217586279502717,cpu
1684657321261,cpu,mongo,0.006337707867950948,0,31c8c580f97abdd1799e22712bf0f132a2e8e96d,0.006337707867950948,0.0005198753576561322,cpu
1684657321762,cpu,mongo,0.0027373273058333143,0,31c8c580f97abdd1799e22712bf0f132a2e8e96d,0.0027373273058333143,0.00022472729363959642,cpu
1684657322264,cpu,mongo,0.006401994264245079,0,31c8c580f97abdd1799e22712bf0f132a2e8e96d,0.006401994264245079,0.0005255462608297958,cpu
1684657322765,cpu,mongo,0.002722065009713658,0,31c8c580f97abdd1799e22712bf0f132a2e8e96d,0.002722065009713658,0.00022361460301733593,cpu
1684657323267,cpu,mongo,0.006494611893105417,0,31c8c580f97abdd1799e22712bf0f132a2e8e96d,0.006494611893105417,0.0005333817755348349,cpu
1684657323768,cpu,mongo,0.0029092442111088132,0,31c8c580f97abdd1799e22712bf0f132a2e8e96d,0.0029092442111088132,0.00023912732651950385,cpu
1684657324270,cpu,mongo,0.006638879995699841,0,31c8c580f97abdd1799e22712bf0f132a2e8e96d,0.006638879995699841,0.0005456366919031427,cpu
1684657324772,cpu,mongo,0.0027897710610074768,0,31c8c580f97abdd1799e22712bf0f132a2e8e96d,0.0027897710610074768,0.00022920357995108226,cpu
1684657325273,cpu,mongo,0.006461179179604341,0,31c8c580f97abdd1799e22712bf0f132a2e8e96d,0.006461179179604341,0.0005304224231646117,cpu
1684657325775,cpu,mongo,0.002787096189892577,0,31c8c580f97abdd1799e22712bf0f132a2e8e96d,0.002787096189892577,0.00022892204067138865,cpu
1684657326276,cpu,mongo,0.006394439037953351,0,31c8c580f97abdd1799e22712bf0f132a2e8e96d,0.006394439037953351,0.0005255106309627966,cpu
1684657326778,cpu,mongo,0.0027574509045187926,0,31c8c580f97abdd1799e22712bf0f132a2e8e96d,0.0027574509045187926,0.0002265436959390085,cpu
1684657327279,cpu,mongo,0.013082943002398439,0,31c8c580f97abdd1799e22712bf0f132a2e8e96d,0.013082943002398439,0.001075365264836614,cpu
1684657327781,cpu,mongo,0.0028553218578502007,0,31c8c580f97abdd1799e22712bf0f132a2e8e96d,0.0028553218578502007,0.00023457609787091483,cpu
1684657328282,cpu,mongo,0.006515475079509044,0,31c8c580f97abdd1799e22712bf0f132a2e8e96d,0.006515475079509044,0.0005354136273663863,cpu
1684657328784,cpu,mongo,0.0027420777568441914,0,31c8c580f97abdd1799e22712bf0f132a2e8e96d,0.0027420777568441914,0.00022530213809620673,cpu
1684657329285,cpu,mongo,0.006394251398602533,0,31c8c580f97abdd1799e22712bf0f132a2e8e96d,0.006394251398602533,0.0005251015541551061,cpu
1684657329787,cpu,mongo,0.002881556725853877,0,31c8c580f97abdd1799e22712bf0f132a2e8e96d,0.002881556725853877,0.00023825959202041785,cpu
1684657330289,cpu,mongo,0.0066979990929483535,0,31c8c580f97abdd1799e22712bf0f132a2e8e96d,0.0066979990929483535,0.0005501417541658737,cpu
1684657330790,cpu,mongo,0.003109483688672788,0,31c8c580f97abdd1799e22712bf0f132a2e8e96d,0.003109483688672788,0.000256735893107521,cpu
1684657331292,cpu,mongo,0.006998112357406781,0,31c8c580f97abdd1799e22712bf0f132a2e8e96d,0.006998112357406781,0.0005749172492579121,cpu
1684657331794,cpu,mongo,0.012887829831898826,0,31c8c580f97abdd1799e22712bf0f132a2e8e96d,0.012887829831898826,0.0010579442594422822,cpu
1684657332296,cpu,mongo,0.006357640363174515,0,31c8c580f97abdd1799e22712bf0f132a2e8e96d,0.006357640363174515,0.0005226963484473035,cpu
1684657332797,cpu,mongo,0.0029701224994402313,0,31c8c580f97abdd1799e22712bf0f132a2e8e96d,0.0029701224994402313,0.00024412112995448625,cpu
1684657333299,cpu,mongo,0.0070016203472393155,0,31c8c580f97abdd1799e22712bf0f132a2e8e96d,0.0070016203472393155,0.0005755294554727773,cpu
1684657333801,cpu,mongo,0.002690307193925581,0,31c8c580f97abdd1799e22712bf0f132a2e8e96d,0.002690307193925581,0.00022116850251254283,cpu
1684657334302,cpu,mongo,0.007070459162860229,0,31c8c580f97abdd1799e22712bf0f132a2e8e96d,0.007070459162860229,0.000581320248010602,cpu
1684657334804,cpu,mongo,0.0025810514394902007,0,31c8c580f97abdd1799e22712bf0f132a2e8e96d,0.0025810514394902007,0.0002120920883716871,cpu
1684657335305,cpu,mongo,0.0065211920175145995,0,31c8c580f97abdd1799e22712bf0f132a2e8e96d,0.0065211920175145995,0.0005358885608807211,cpu
1684657335807,cpu,mongo,0.0028212361594082765,0,31c8c580f97abdd1799e22712bf0f132a2e8e96d,0.0028212361594082765,0.0002319626991691081,cpu
1684657336308,cpu,mongo,0.006525048727863731,0,31c8c580f97abdd1799e22712bf0f132a2e8e96d,0.006525048727863731,0.0005393315328688966,cpu
1684657336810,cpu,mongo,0.003001683438247911,0,31c8c580f97abdd1799e22712bf0f132a2e8e96d,0.003001683438247911,0.00024697119593909846,cpu
1684657337311,cpu,mongo,0.013403187948468226,0,31c8c580f97abdd1799e22712bf0f132a2e8e96d,0.013403187948468226,0.0011020929077219885,cpu
1684657337813,cpu,mongo,0.0027635431212259844,0,31c8c580f97abdd1799e22712bf0f132a2e8e96d,0.0027635431212259844,0.00022695130680769004,cpu
1684657338314,cpu,mongo,0.006852663570281823,0,31c8c580f97abdd1799e22712bf0f132a2e8e96d,0.006852663570281823,0.0005635211836521871,cpu
1684657338815,cpu,mongo,0.0027215038237167486,0,31c8c580f97abdd1799e22712bf0f132a2e8e96d,0.0027215038237167486,0.0002238143235342573,cpu
1684657339317,cpu,mongo,0.006266251339048153,0,31c8c580f97abdd1799e22712bf0f132a2e8e96d,0.006266251339048153,0.0005153676048159552,cpu
1684657339818,cpu,mongo,0.002714402395978077,0,31c8c580f97abdd1799e22712bf0f132a2e8e96d,0.002714402395978077,0.00022301809291316776,cpu
1684657340320,cpu,mongo,0.006407017225328529,0,31c8c580f97abdd1799e22712bf0f132a2e8e96d,0.006407017225328529,0.000526634643593891,cpu
1684657340821,cpu,mongo,0.0026537925762562917,0,31c8c580f97abdd1799e22712bf0f132a2e8e96d,0.0026537925762562917,0.00021827393536692863,cpu
1684657341323,cpu,mongo,0.006308199414965299,0,31c8c580f97abdd1799e22712bf0f132a2e8e96d,0.006308199414965299,0.0005188873029100153,cpu
1684657341824,cpu,mongo,0.0026997982809659074,0,31c8c580f97abdd1799e22712bf0f132a2e8e96d,0.0026997982809659074,0.00022296291532515126,cpu
1684657342326,cpu,mongo,0.006946652409782757,0,31c8c580f97abdd1799e22712bf0f132a2e8e96d,0.006946652409782757,0.0005710125596682984,cpu
1684657342827,cpu,mongo,0.0027668582755410614,0,31c8c580f97abdd1799e22712bf0f132a2e8e96d,0.0027668582755410614,0.00022757891940047257,cpu
1684657343328,cpu,mongo,0.006188640239438509,0,31c8c580f97abdd1799e22712bf0f132a2e8e96d,0.006188640239438509,0.0005092963885543695,cpu
1684657343830,cpu,mongo,0.002814598922555938,0,31c8c580f97abdd1799e22712bf0f132a2e8e96d,0.002814598922555938,0.00023171581086701198,cpu
1684657344331,cpu,mongo,0.006600405268504308,0,31c8c580f97abdd1799e22712bf0f132a2e8e96d,0.006600405268504308,0.0005424592662267441,cpu
1684657344833,cpu,mongo,0.0026794258436336513,0,31c8c580f97abdd1799e22712bf0f132a2e8e96d,0.0026794258436336513,0.0002204204296806638,cpu
1684657345334,cpu,mongo,0.006521409679161549,0,31c8c580f97abdd1799e22712bf0f132a2e8e96d,0.006521409679161549,0.0005366116044191406,cpu
1684657345836,cpu,mongo,0.002923046384403177,0,31c8c580f97abdd1799e22712bf0f132a2e8e96d,0.002923046384403177,0.0002405890366387728,cpu
1684657346337,cpu,mongo,0.006628398172887192,0,31c8c580f97abdd1799e22712bf0f132a2e8e96d,0.006628398172887192,0.0005452199390965414,cpu
1684657346839,cpu,mongo,0.002573274510088583,0,31c8c580f97abdd1799e22712bf0f132a2e8e96d,0.002573274510088583,0.00021166598880816945,cpu
1684657347340,cpu,mongo,0.013529065085275037,0,31c8c580f97abdd1799e22712bf0f132a2e8e96d,0.013529065085275037,0.0011119586453238804,cpu
1684657347841,cpu,mongo,0.002744522841923319,0,31c8c580f97abdd1799e22712bf0f132a2e8e96d,0.002744522841923319,0.00022592751127796528,cpu
1684657348343,cpu,mongo,0.006421597091563055,0,31c8c580f97abdd1799e22712bf0f132a2e8e96d,0.006421597091563055,0.000527898684078802,cpu
1684657348844,cpu,mongo,0.002693987811960868,0,31c8c580f97abdd1799e22712bf0f132a2e8e96d,0.002693987811960868,0.00022153165702500698,cpu
1684657349346,cpu,mongo,0.006754228544194261,0,31c8c580f97abdd1799e22712bf0f132a2e8e96d,0.006754228544194261,0.0005554106082291055,cpu
1684657349847,cpu,mongo,0.0023004977009610985,0,31c8c580f97abdd1799e22712bf0f132a2e8e96d,0.0023004977009610985,0.00018935681339545435,cpu
1684657350349,cpu,mongo,0.006854975864435756,0,31c8c580f97abdd1799e22712bf0f132a2e8e96d,0.006854975864435756,0.0005644181170691452,cpu
1684657350850,cpu,mongo,0.0028206876751520377,0,31c8c580f97abdd1799e22712bf0f132a2e8e96d,0.0028206876751520377,0.00023215096325691846,cpu
1684657351352,cpu,mongo,0.0061678497993678146,0,31c8c580f97abdd1799e22712bf0f132a2e8e96d,0.0061678497993678146,0.0005078020409896871,cpu
1684657351853,cpu,mongo,0.002955036872986269,0,31c8c580f97abdd1799e22712bf0f132a2e8e96d,0.002955036872986269,0.00024313379182724232,cpu
1684657352354,cpu,mongo,0.006057514396975417,0,31c8c580f97abdd1799e22712bf0f132a2e8e96d,0.006057514396975417,0.0004986227514566624,cpu
1684657352856,cpu,mongo,0.0027816633089965694,0,31c8c580f97abdd1799e22712bf0f132a2e8e96d,0.0027816633089965694,0.00022902395703917812,cpu
1684657353357,cpu,mongo,0.006631619218850936,0,31c8c580f97abdd1799e22712bf0f132a2e8e96d,0.006631619218850936,0.0005458913587945795,cpu
1684657353859,cpu,mongo,0.00261975364331411,0,31c8c580f97abdd1799e22712bf0f132a2e8e96d,0.00261975364331411,0.00021561752425238345,cpu
1684657354360,cpu,mongo,0.0061575839061465696,0,31c8c580f97abdd1799e22712bf0f132a2e8e96d,0.0061575839061465696,0.0005067958322305685,cpu
1684657354862,cpu,mongo,0.0024106316075583095,0,31c8c580f97abdd1799e22712bf0f132a2e8e96d,0.0024106316075583095,0.0001982406306397341,cpu
1684657355363,cpu,mongo,0.006390108899088308,0,31c8c580f97abdd1799e22712bf0f132a2e8e96d,0.006390108899088308,0.0005260230044088356,cpu
1684657355865,cpu,mongo,0.0025026072211629235,0,31c8c580f97abdd1799e22712bf0f132a2e8e96d,0.0025026072211629235,0.0002059284002826777,cpu
1684657356366,cpu,mongo,0.006844173611347094,0,31c8c580f97abdd1799e22712bf0f132a2e8e96d,0.006844173611347094,0.0005634073481650164,cpu
1684657356867,cpu,mongo,0.0024973308026179056,0,31c8c580f97abdd1799e22712bf0f132a2e8e96d,0.0024973308026179056,0.00020550735081053994,cpu
1684657357369,cpu,mongo,0.013901406798057936,0,31c8c580f97abdd1799e22712bf0f132a2e8e96d,0.013901406798057936,0.0011438502188380734,cpu
1684657357870,cpu,mongo,0.0028645375480587107,0,31c8c580f97abdd1799e22712bf0f132a2e8e96d,0.0028645375480587107,0.00023582833059273862,cpu
1684657358372,cpu,mongo,0.006348438529410374,0,31c8c580f97abdd1799e22712bf0f132a2e8e96d,0.006348438529410374,0.0005219899482084491,cpu
1684657358873,cpu,mongo,0.0027292132029520717,0,31c8c580f97abdd1799e22712bf0f132a2e8e96d,0.0027292132029520717,0.00022470014486849485,cpu
1684657359375,cpu,mongo,0.006278444432740267,0,31c8c580f97abdd1799e22712bf0f132a2e8e96d,0.006278444432740267,0.0005163954387062103,cpu
1684657359876,cpu,mongo,0.002562379880704134,0,31c8c580f97abdd1799e22712bf0f132a2e8e96d,0.002562379880704134,0.00021178700867847088,cpu
1684657360377,cpu,mongo,0.00714678392255103,0,31c8c580f97abdd1799e22712bf0f132a2e8e96d,0.00714678392255103,0.0005882500785635516,cpu
1684657360879,cpu,mongo,0.002513532450195352,0,31c8c580f97abdd1799e22712bf0f132a2e8e96d,0.002513532450195352,0.0002068454335799442,cpu
1684657361380,cpu,mongo,0.0067079647632082885,0,31c8c580f97abdd1799e22712bf0f132a2e8e96d,0.0067079647632082885,0.0005526472202829234,cpu
1684657361882,cpu,mongo,0.0026562855815388596,0,31c8c580f97abdd1799e22712bf0f132a2e8e96d,0.0026562855815388596,0.00021860769251283785,cpu
1684657362383,cpu,mongo,0.006971477384571975,0,31c8c580f97abdd1799e22712bf0f132a2e8e96d,0.006971477384571975,0.0005737248551285551,cpu
1684657362885,cpu,mongo,0.0025633746579393963,0,31c8c580f97abdd1799e22712bf0f132a2e8e96d,0.0025633746579393963,0.0002109262547088514,cpu
1684657363386,cpu,mongo,0.0062509434321324515,0,31c8c580f97abdd1799e22712bf0f132a2e8e96d,0.0062509434321324515,0.0005141468862833511,cpu
1684657363888,cpu,mongo,0.0025605115701218296,0,31c8c580f97abdd1799e22712bf0f132a2e8e96d,0.0025605115701218296,0.0002107533920206709,cpu
1684657364389,cpu,mongo,0.006668130949760982,0,31c8c580f97abdd1799e22712bf0f132a2e8e96d,0.006668130949760982,0.0005483271409434894,cpu
1684657364891,cpu,mongo,0.0026088330330964705,0,31c8c580f97abdd1799e22712bf0f132a2e8e96d,0.0026088330330964705,0.00021455237868740458,cpu
1684657365392,cpu,mongo,0.00627974289704793,0,31c8c580f97abdd1799e22712bf0f132a2e8e96d,0.00627974289704793,0.0005161171253562594,cpu
1684657365893,cpu,mongo,0.0026410758244374325,0,31c8c580f97abdd1799e22712bf0f132a2e8e96d,0.0026410758244374325,0.00021776301584932312,cpu
1684657366395,cpu,mongo,0.006490840053478039,0,31c8c580f97abdd1799e22712bf0f132a2e8e96d,0.006490840053478039,0.0005341470268544077,cpu
1684657366896,cpu,mongo,0.00276878547601193,0,31c8c580f97abdd1799e22712bf0f132a2e8e96d,0.00276878547601193,0.00022787753322125713,cpu
1684657367398,cpu,mongo,0.014080678011181824,0,31c8c580f97abdd1799e22712bf0f132a2e8e96d,0.014080678011181824,0.0011582848594798101,cpu
1684657367899,cpu,mongo,0.0030778032380324332,0,31c8c580f97abdd1799e22712bf0f132a2e8e96d,0.0030778032380324332,0.00025312928135263276,cpu
1684657368401,cpu,mongo,0.0062929105606606035,0,31c8c580f97abdd1799e22712bf0f132a2e8e96d,0.0062929105606606035,0.0005178850512285733,cpu
1684657368902,cpu,mongo,0.003487376062128823,0,31c8c580f97abdd1799e22712bf0f132a2e8e96d,0.003487376062128823,0.0002977254971213267,cpu
1684657369405,cpu,mongo,0.0065450949614014875,0,31c8c580f97abdd1799e22712bf0f132a2e8e96d,0.0065450949614014875,0.0006099965832993676,cpu
1684657369907,cpu,mongo,0.003346232587739414,0,31c8c580f97abdd1799e22712bf0f132a2e8e96d,0.003346232587739414,0.0003112142246235404,cpu
1684657370410,cpu,mongo,0.007069785970604677,0,31c8c580f97abdd1799e22712bf0f132a2e8e96d,0.007069785970604677,0.0006580612216575691,cpu
1684657370913,cpu,mongo,0.002661012361123941,0,31c8c580f97abdd1799e22712bf0f132a2e8e96d,0.002661012361123941,0.00024813037770435645,cpu
1684657371415,cpu,mongo,0.006570415881428715,0,31c8c580f97abdd1799e22712bf0f132a2e8e96d,0.006570415881428715,0.0006131192771016931,cpu
1684657371916,cpu,mongo,0.0035012342385525074,0,31c8c580f97abdd1799e22712bf0f132a2e8e96d,0.0035012342385525074,0.00032658045093923537,cpu
1684657372420,cpu,mongo,0.007494419017673688,0,31c8c580f97abdd1799e22712bf0f132a2e8e96d,0.007494419017673688,0.0006972131022957708,cpu
1684657372923,cpu,mongo,0.0025959424983711607,0,31c8c580f97abdd1799e22712bf0f132a2e8e96d,0.0025959424983711607,0.00024152209884854896,cpu
1684657373427,cpu,mongo,0.005067933328350833,0,31c8c580f97abdd1799e22712bf0f132a2e8e96d,0.005067933328350833,0.00047190272799738905,cpu
1684657373929,cpu,mongo,0.00350036763342765,0,31c8c580f97abdd1799e22712bf0f132a2e8e96d,0.00350036763342765,0.0003258543676210336,cpu
1684657374432,cpu,mongo,0.0071525349243156565,0,31c8c580f97abdd1799e22712bf0f132a2e8e96d,0.0071525349243156565,0.0006664691068244354,cpu
1684657374934,cpu,mongo,0.002085137378480392,0,31c8c580f97abdd1799e22712bf0f132a2e8e96d,0.002085137378480392,0.00019474493025098595,cpu
1684657375436,cpu,mongo,0.007977421759291635,0,31c8c580f97abdd1799e22712bf0f132a2e8e96d,0.007977421759291635,0.0007441068826582039,cpu
1684657375939,cpu,mongo,0.002293632987480383,0,31c8c580f97abdd1799e22712bf0f132a2e8e96d,0.002293632987480383,0.0002198033754042542,cpu
1684657376441,cpu,mongo,0.0,0,30089018aca79b44a4577ad7cb3e22cae1964359,12.512654368082682,0.0,cpu
1684657376943,cpu,mongo,0.0,0,30089018aca79b44a4577ad7cb3e22cae1964359,12.512654368082682,0.0,cpu
1684657377444,cpu,mongo,0.02589084319046862,0,84145c4f94366472954370aff1af5914eb1bec3e,10.084612761053657,0.0022466771674507367,cpu
1684657377946,cpu,mongo,0.003931236874040291,0,84145c4f94366472954370aff1af5914eb1bec3e,10.081862547927878,0.00034124265578279575,cpu
1684657378447,cpu,mongo,0.011418414089581375,0,84145c4f94366472954370aff1af5914eb1bec3e,10.082799151454477,0.0009910127476465268,cpu
1684657378949,cpu,mongo,0.003914058551525488,0,84145c4f94366472954370aff1af5914eb1bec3e,10.081860340426289,0.00033975765734604597,cpu
1684657379450,cpu,mongo,0.011458293295825383,0,84145c4f94366472954370aff1af5914eb1bec3e,10.082804514524732,0.0009944365016439061,cpu
1684657379952,cpu,mongo,0.004128708745853544,0,84145c4f94366472954370aff1af5914eb1bec3e,10.08188730998196,0.00035837423531491063,cpu
1684657380453,cpu,mongo,0.01138051036924257,0,84145c4f94366472954370aff1af5914eb1bec3e,10.082794746629027,0.0009876898966959503,cpu
1684657380955,cpu,mongo,0.0039016756411422524,0,84145c4f94366472954370aff1af5914eb1bec3e,10.081858842288584,0.00033867796569166786,cpu
1684657381456,cpu,mongo,0.011448949275710097,0,84145c4f94366472954370aff1af5914eb1bec3e,10.082803334145124,0.000993626726852469,cpu
1684657381958,cpu,mongo,0.003947571886587868,0,84145c4f94366472954370aff1af5914eb1bec3e,10.081864583354877,0.00034266107246766096,cpu
1684657382459,cpu,mongo,0.011630191327696429,0,84145c4f94366472954370aff1af5914eb1bec3e,10.082825551175796,0.0010094008723876037,cpu
1684657382961,cpu,mongo,0.004075668843551077,0,84145c4f94366472954370aff1af5914eb1bec3e,10.081880406287908,0.00035379785319989625,cpu
1684657383462,cpu,mongo,0.010882595671271773,0,84145c4f94366472954370aff1af5914eb1bec3e,10.08273264367905,0.0009444604861166755,cpu
1684657383964,cpu,mongo,0.004896115055669692,0,84145c4f94366472954370aff1af5914eb1bec3e,10.08198378323343,0.00042492599942870184,cpu
1684657384466,cpu,mongo,0.012244522441274866,0,84145c4f94366472954370aff1af5914eb1bec3e,10.082903650671888,0.0010625912163024908,cpu
1684657384968,cpu,mongo,0.0048692839459327925,0,84145c4f94366472954370aff1af5914eb1bec3e,10.081980186472144,0.00042262131812219187,cpu
1684657385469,cpu,mongo,0.012156054702403298,0,84145c4f94366472954370aff1af5914eb1bec3e,10.082891614918308,0.0010550097096340971,cpu
1684657385971,cpu,mongo,0.004443753494602195,0,84145c4f94366472954370aff1af5914eb1bec3e,10.08192671636465,0.0003857155911929832,cpu
1684657386473,cpu,mongo,0.011729916831664895,0,84145c4f94366472954370aff1af5914eb1bec3e,10.08283814741442,0.0010180434727818368,cpu
1684657386974,cpu,mongo,0.0043288122421386264,0,84145c4f94366472954370aff1af5914eb1bec3e,10.081912407664333,0.00037573356125824545,cpu
1684657387476,cpu,mongo,0.02537460119046565,0,84145c4f94366472954370aff1af5914eb1bec3e,10.084547552358536,0.0022019378872192193,cpu
1684657387977,cpu,mongo,0.004422402388458703,0,84145c4f94366472954370aff1af5914eb1bec3e,10.081923858435317,0.00038388120022732363,cpu
1684657388479,cpu,mongo,0.011365331798072361,0,84145c4f94366472954370aff1af5914eb1bec3e,10.082792790848657,0.0009863782903541006,cpu
1684657388980,cpu,mongo,0.00467404658043452,0,84145c4f94366472954370aff1af5914eb1bec3e,10.081955338972495,0.00040571986123568007,cpu
1684657389482,cpu,mongo,0.010829133368814768,0,84145c4f94366472954370aff1af5914eb1bec3e,10.082726095140323,0.0009398069760553552,cpu
1684657389983,cpu,mongo,0.0043104124793489984,0,84145c4f94366472954370aff1af5914eb1bec3e,10.08191021909805,0.00037412552642899073,cpu
1684657390485,cpu,mongo,0.011077187665134474,0,84145c4f94366472954370aff1af5914eb1bec3e,10.082756728914307,0.0009613735379291775,cpu
1684657390987,cpu,mongo,0.004290595937199838,0,84145c4f94366472954370aff1af5914eb1bec3e,10.081907580936607,0.0003724215538398838,cpu
1684657391488,cpu,mongo,0.03148641346670275,0,84145c4f94366472954370aff1af5914eb1bec3e,10.085314307022923,0.0027321294002666525,cpu
1684657391990,cpu,mongo,0.004735028491623195,0,84145c4f94366472954370aff1af5914eb1bec3e,10.081963037594342,0.00041100518271355147,cpu
1684657392491,cpu,mongo,0.011823586064732902,0,84145c4f94366472954370aff1af5914eb1bec3e,10.082850082219151,0.0010261509439028912,cpu
1684657392993,cpu,mongo,0.005021469956353287,0,84145c4f94366472954370aff1af5914eb1bec3e,10.081998832659231,0.00043586751416475715,cpu
1684657393494,cpu,mongo,0.011194755232284805,0,84145c4f94366472954370aff1af5914eb1bec3e,10.082771057496695,0.0009716141073507657,cpu
1684657393996,cpu,mongo,0.004054383127100482,0,84145c4f94366472954370aff1af5914eb1bec3e,10.081878021267832,0.00035192303920612557,cpu
1684657394497,cpu,mongo,0.010238742094725056,0,84145c4f94366472954370aff1af5914eb1bec3e,10.082651940696794,0.0008885999720974144,cpu
1684657394999,cpu,mongo,0.004715195547224406,0,84145c4f94366472954370aff1af5914eb1bec3e,10.0819609201538,0.0004092479313466313,cpu
1684657395500,cpu,mongo,0.012487186608223887,0,84145c4f94366472954370aff1af5914eb1bec3e,10.082934208704648,0.001083630628854918,cpu
1684657396002,cpu,mongo,0.011711480028066518,0,84145c4f94366472954370aff1af5914eb1bec3e,10.082835497655102,0.0010164775108220127,cpu
1684657396504,cpu,mongo,0.00472390126935409,0,84145c4f94366472954370aff1af5914eb1bec3e,10.081961796385064,0.0004100245608818312,cpu
1684657397005,cpu,mongo,0.02593847250156732,0,84145c4f94366472954370aff1af5914eb1bec3e,10.084617352628559,0.002250946203283367,cpu
1684657397507,cpu,mongo,0.004691939045427965,0,84145c4f94366472954370aff1af5914eb1bec3e,10.081957778549922,0.0004072526772378021,cpu
1684657398008,cpu,mongo,0.012122762783235472,0,84145c4f94366472954370aff1af5914eb1bec3e,10.082818525349024,0.0010589573520849538,cpu
1684657398510,cpu,mongo,0.006318392174221891,0,84145c4f94366472954370aff1af5914eb1bec3e,10.081989903360869,0.0005653986514289474,cpu
1684657399012,cpu,mongo,0.005976793413637778,0,b56ac39da48bbed5131cc12d0eaafb1de242030a,0.6377301222894706,0.0008377884285352627,cpu
